1 0.193329 0.154624 0.039508 0.064547
1 0.135687 0.068882 0.045984 0.070328
1 0.217617 0.052023 0.040155 0.061657
1 0.251619 0.030829 0.042098 0.055877
1 0.274288 0.098266 0.036917 0.061657
1 0.328692 0.070809 0.034326 0.047206
1 0.347474 0.036609 0.047280 0.065511
1 0.325130 0.141137 0.033679 0.054913
1 0.357513 0.159923 0.032383 0.052023
1 0.551490 0.237958 0.045984 0.073218
1 0.676166 0.239403 0.036269 0.062620
1 0.703368 0.216281 0.029793 0.051060
1 0.735427 0.199904 0.043394 0.060694
1 0.758744 0.151734 0.047280 0.064547
1 0.762306 0.090559 0.045337 0.067437
1 0.816062 0.055395 0.049223 0.062620
1 0.903174 0.161850 0.049870 0.075145
1 0.934262 0.110790 0.043394 0.057803
1 0.952073 0.066474 0.045337 0.061657
1 0.593264 0.471098 0.040155 0.061657
1 0.663536 0.450867 0.039508 0.055877
1 0.695272 0.489884 0.040803 0.064547
1 0.820596 0.522640 0.046632 0.066474
1 0.956282 0.572736 0.051166 0.074181
1 0.819948 0.669557 0.040155 0.063584
1 0.856865 0.682081 0.037565 0.057803
1 0.777850 0.720617 0.054404 0.063584
1 0.714702 0.643545 0.049870 0.075145
1 0.555052 0.629094 0.047927 0.063584
1 0.592293 0.645472 0.035622 0.052023
1 0.551166 0.723025 0.041451 0.058767
1 0.584521 0.729769 0.038212 0.068401
1 0.620466 0.795761 0.044041 0.069364
1 0.380505 0.604528 0.042098 0.058767
1 0.365933 0.637283 0.041451 0.052987
1 0.368199 0.692197 0.040803 0.051060
1 0.331930 0.729769 0.045984 0.070328
1 0.198510 0.822254 0.045984 0.056840
1 0.233161 0.858863 0.027202 0.054913
1 0.261658 0.891618 0.038860 0.052987
1 0.295013 0.936416 0.029145 0.061657
1 0.156412 0.882948 0.039508 0.054913
1 0.125324 0.909923 0.039508 0.052987
1 0.172280 0.921484 0.033679 0.045279
1 0.201749 0.930636 0.031736 0.059730
1 0.262630 0.944605 0.038212 0.052987
0 0.233808 0.923410 0.033679 0.054913
0 0.022345 0.358863 0.035622 0.066474
1 0.059585 0.362235 0.046632 0.067437
1 0.081606 0.290944 0.049223 0.077071
1 0.133096 0.328516 0.051166 0.069364
1 0.133744 0.228324 0.038212 0.046243
1 0.132448 0.404143 0.040803 0.058767
1 0.090026 0.431118 0.040155 0.064547
1 0.056023 0.445087 0.043394 0.059730
1 0.025907 0.440270 0.036269 0.057803
1 0.060557 0.591040 0.036917 0.049133
1 0.014249 0.669557 0.027202 0.050096
1 0.224741 0.348748 0.045337 0.069364
1 0.268135 0.426301 0.038860 0.058767
1 0.462759 0.295279 0.036917 0.058767
1 0.436528 0.349229 0.044041 0.060694
1 0.472798 0.351638 0.032383 0.050096
1 0.489637 0.390173 0.051813 0.063584
1 0.498381 0.447977 0.040803 0.057803
1 0.733484 0.293834 0.044689 0.061657
1 0.766192 0.266859 0.036269 0.059730
1 0.816062 0.300096 0.036269 0.068401
1 0.854598 0.291426 0.044689 0.058767
1 0.945920 0.780829 0.035622 0.062620
1 0.940091 0.916185 0.039508 0.057803
1 0.915803 0.946050 0.046632 0.073218
1 0.801166 0.971098 0.047927 0.057803
1 0.501295 0.839595 0.038860 0.064547
1 0.478951 0.872832 0.040803 0.059730
1 0.497409 0.956166 0.041451 0.049133
1 0.437824 0.883911 0.046632 0.066474
1 0.847474 0.968690 0.044689 0.062620
0 0.123057 0.012524 0.044041 0.023121
