1 0.122409 0.086224 0.041451 0.054913
1 0.159650 0.062620 0.045984 0.061657
1 0.293070 0.152697 0.043394 0.064547
1 0.341321 0.133911 0.049223 0.073218
1 0.369819 0.071291 0.038860 0.057803
1 0.763925 0.140173 0.035622 0.052987
1 0.791451 0.149326 0.033679 0.050096
1 0.830959 0.135356 0.034974 0.058767
1 0.876295 0.169557 0.047927 0.067437
1 0.901878 0.272158 0.033031 0.052987
1 0.931671 0.297688 0.035622 0.061657
1 0.788212 0.287091 0.041451 0.069364
1 0.658355 0.349229 0.036917 0.052987
1 0.695596 0.350674 0.038860 0.053950
1 0.676490 0.394990 0.031736 0.048170
1 0.585816 0.337669 0.051166 0.074181
1 0.522021 0.367052 0.042746 0.067437
1 0.632124 0.419075 0.031088 0.050096
1 0.601036 0.444123 0.037565 0.057803
1 0.520078 0.507225 0.033679 0.064547
1 0.507772 0.556840 0.040155 0.050096
1 0.487694 0.597784 0.041451 0.051060
1 0.560881 0.567919 0.038860 0.076108
1 0.237694 0.420520 0.038860 0.054913
1 0.201749 0.430154 0.031736 0.052987
1 0.104598 0.429191 0.048575 0.052987
1 0.078692 0.293834 0.038212 0.053950
1 0.120466 0.204239 0.038860 0.052023
1 0.063472 0.514933 0.047927 0.062620
1 0.056023 0.575145 0.038212 0.057803
1 0.110104 0.774085 0.047927 0.056840
1 0.074158 0.773603 0.039508 0.057803
1 0.412241 0.665703 0.049870 0.067437
1 0.396697 0.725915 0.040803 0.054913
1 0.376295 0.902697 0.036269 0.067437
1 0.410946 0.915703 0.035622 0.056840
1 0.521697 0.920520 0.047280 0.066474
1 0.613018 0.562139 0.039508 0.058767
1 0.643782 0.574181 0.028497 0.050096
1 0.626619 0.624759 0.038212 0.052987
1 0.754858 0.466281 0.038212 0.065511
1 0.891839 0.399326 0.044041 0.060694
1 0.916127 0.368979 0.034326 0.065511
1 0.983161 0.368497 0.028497 0.058767
1 0.980246 0.528902 0.035622 0.053950
1 0.941710 0.535164 0.029793 0.051060
1 0.897668 0.541908 0.038860 0.064547
1 0.864313 0.478805 0.035622 0.057803
1 0.898964 0.451349 0.037565 0.054913
1 0.799547 0.559249 0.038212 0.054913
1 0.875000 0.579480 0.040155 0.060694
1 0.804080 0.659923 0.038212 0.050096
1 0.740933 0.639210 0.045337 0.056840
1 0.771697 0.669557 0.030440 0.052023
1 0.739637 0.700385 0.036269 0.061657
1 0.703368 0.697977 0.038860 0.060694
1 0.677137 0.729287 0.034326 0.048170
1 0.685233 0.777938 0.045337 0.052987
1 0.745142 0.780347 0.042098 0.057803
1 0.734456 0.829961 0.038860 0.056840
1 0.786269 0.823699 0.034974 0.057803
1 0.822539 0.822254 0.038860 0.062620
1 0.820596 0.766378 0.038860 0.058767
1 0.828692 0.876204 0.040803 0.060694
1 0.615609 0.799615 0.043394 0.061657
1 0.586140 0.897881 0.049223 0.052023
1 0.158355 0.975434 0.045984 0.049133
1 0.199806 0.971580 0.036917 0.054913
1 0.250000 0.048170 0.047927 0.063584
0 0.613990 0.055877 0.038860 0.059730
0 0.834521 0.487958 0.036917 0.054913
0 0.787241 0.746628 0.035622 0.055877
