0 0.953692 0.750482 0.035622 0.057803
0 0.622733 0.985067 0.043394 0.029865
1 0.038536 0.091522 0.031736 0.057803
1 0.071244 0.082852 0.037565 0.059730
1 0.100065 0.130539 0.033031 0.054913
1 0.131801 0.132948 0.033031 0.044316
1 0.063472 0.143064 0.034974 0.049133
1 0.033679 0.144509 0.033679 0.053950
1 0.317034 0.158960 0.038212 0.053950
1 0.414508 0.175819 0.036269 0.062620
1 0.443653 0.092967 0.045337 0.070328
1 0.501943 0.103565 0.047927 0.064547
1 0.575777 0.120906 0.049223 0.074181
1 0.763601 0.076590 0.038860 0.056840
1 0.836788 0.058767 0.047927 0.075145
1 0.888277 0.091040 0.042098 0.060694
1 0.851684 0.135356 0.044041 0.070328
1 0.735751 0.220617 0.045337 0.059730
1 0.777526 0.292389 0.043394 0.062620
1 0.724741 0.281310 0.037565 0.063584
1 0.806023 0.341522 0.042098 0.068401
1 0.772992 0.366570 0.042098 0.062620
1 0.754210 0.399326 0.036917 0.060694
1 0.721826 0.395472 0.039508 0.068401
1 0.804404 0.399807 0.045337 0.067437
1 0.982189 0.390655 0.035622 0.058767
1 0.985104 0.634393 0.029793 0.070328
1 0.863990 0.709538 0.046632 0.072254
1 0.919689 0.724952 0.033679 0.056840
1 0.925194 0.779383 0.042098 0.055877
1 0.977332 0.721098 0.034974 0.054913
1 0.407060 0.336224 0.043394 0.061657
1 0.295984 0.256744 0.044041 0.056840
1 0.280764 0.302505 0.038212 0.063584
1 0.253238 0.326108 0.041451 0.068401
1 0.226036 0.361272 0.047927 0.065511
1 0.541127 0.326590 0.064119 0.065511
1 0.605246 0.415222 0.031736 0.057803
1 0.516839 0.451830 0.033679 0.050096
1 0.488342 0.481696 0.050518 0.059730
1 0.296308 0.559249 0.048575 0.062620
1 0.344560 0.571291 0.040155 0.046243
1 0.322863 0.626204 0.048575 0.059730
1 0.216645 0.657033 0.055052 0.075145
1 0.050842 0.786609 0.039508 0.062620
1 0.083873 0.840077 0.042098 0.069364
1 0.268459 0.820809 0.042098 0.071291
1 0.300842 0.841522 0.036917 0.066474
1 0.340350 0.838150 0.035622 0.071291
1 0.318653 0.883430 0.042746 0.061657
1 0.351684 0.900289 0.032383 0.056840
1 0.383420 0.896917 0.042746 0.065511
1 0.366256 0.736031 0.039508 0.055877
1 0.368847 0.793353 0.035622 0.054913
1 0.444301 0.689306 0.038860 0.076108
1 0.488342 0.687861 0.037565 0.071291
1 0.468588 0.758189 0.047280 0.061657
1 0.545337 0.757225 0.044041 0.061657
1 0.528497 0.801541 0.042746 0.055877
1 0.737694 0.703757 0.046632 0.066474
1 0.823510 0.823218 0.036917 0.066474
1 0.734132 0.800578 0.044689 0.069364
1 0.977979 0.949904 0.044041 0.059730
