1 0.465350 0.104528 0.055052 0.081888
1 0.456930 0.179672 0.053756 0.066474
1 0.454987 0.250482 0.049870 0.067437
1 0.472474 0.299615 0.048575 0.065511
1 0.507448 0.343931 0.040803 0.077071
1 0.516839 0.291426 0.041451 0.051060
1 0.447863 0.351638 0.061528 0.096339
1 0.317358 0.353565 0.049223 0.061657
1 0.371114 0.366089 0.049223 0.069364
1 0.409326 0.420039 0.056995 0.086705
1 0.343912 0.447977 0.037565 0.080925
1 0.371762 0.439306 0.034974 0.063584
1 0.204016 0.516378 0.045337 0.067437
1 0.244819 0.511079 0.038860 0.072254
1 0.272345 0.485549 0.047280 0.071291
1 0.256477 0.425819 0.040155 0.057803
1 0.304080 0.403661 0.058938 0.073218
1 0.252591 0.343931 0.054404 0.073218
1 0.188472 0.354528 0.042746 0.069364
1 0.174870 0.305395 0.044041 0.057803
1 0.131801 0.343449 0.052461 0.083815
1 0.164508 0.395472 0.047927 0.064547
1 0.198510 0.445568 0.057642 0.081888
1 0.266516 0.133430 0.065415 0.089595
1 0.154793 0.256744 0.046632 0.066474
1 0.118523 0.222062 0.046632 0.066474
1 0.146049 0.168593 0.049870 0.075145
1 0.104275 0.119461 0.053109 0.082852
1 0.083549 0.187861 0.047927 0.061657
1 0.054728 0.116570 0.052461 0.080925
1 0.071891 0.065511 0.051813 0.069364
1 0.036593 0.038536 0.057642 0.067437
1 0.570272 0.216763 0.071891 0.113680
1 0.731218 0.118497 0.068653 0.096339
1 0.792422 0.036609 0.068005 0.067437
1 0.736399 0.249518 0.054404 0.088632
1 0.692034 0.195568 0.043394 0.065511
1 0.660622 0.172929 0.046632 0.068401
1 0.716645 0.420039 0.038212 0.053950
1 0.733484 0.327071 0.057642 0.074181
1 0.786593 0.374759 0.039508 0.077071
1 0.749676 0.407033 0.055052 0.074181
1 0.890220 0.110790 0.053756 0.061657
1 0.893782 0.459538 0.051813 0.088632
1 0.886982 0.527938 0.043394 0.071291
1 0.929080 0.539499 0.053756 0.061657
1 0.935557 0.481214 0.048575 0.087669
1 0.966321 0.430636 0.051813 0.104046
1 0.498705 0.628613 0.073834 0.068401
1 0.366904 0.580443 0.048575 0.074181
1 0.376619 0.662813 0.069301 0.080925
1 0.329987 0.714355 0.061528 0.089595
1 0.197539 0.723507 0.066062 0.096339
1 0.063148 0.679191 0.058938 0.088632
1 0.028821 0.705202 0.040803 0.067437
1 0.077396 0.750963 0.044689 0.068401
1 0.030764 0.827553 0.042098 0.069364
1 0.039184 0.929672 0.040803 0.061657
1 0.021373 0.875723 0.038860 0.069364
1 0.080959 0.887765 0.068653 0.095376
1 0.438472 0.650289 0.059585 0.069364
1 0.296632 0.824663 0.047927 0.071291
1 0.330959 0.779865 0.060881 0.060694
1 0.443329 0.767341 0.048575 0.060694
1 0.437824 0.709056 0.051813 0.067437
1 0.393135 0.745183 0.051813 0.074181
1 0.488018 0.765414 0.048575 0.070328
1 0.475065 0.697495 0.042098 0.075145
1 0.519430 0.681599 0.055699 0.070328
1 0.665155 0.710501 0.051813 0.081888
1 0.698510 0.606455 0.049870 0.060694
1 0.727655 0.655588 0.056347 0.083815
1 0.779793 0.753854 0.063472 0.089595
1 0.863342 0.720617 0.066062 0.104046
1 0.820272 0.650289 0.060233 0.069364
1 0.817034 0.596821 0.044689 0.060694
1 0.798251 0.529865 0.073187 0.096339
1 0.729275 0.485067 0.050518 0.066474
1 0.368199 0.890655 0.042098 0.062620
1 0.437500 0.824663 0.057642 0.078998
1 0.479598 0.866570 0.047280 0.078035
1 0.500000 0.822736 0.041451 0.063584
1 0.535298 0.862235 0.049870 0.057803
0 0.017163 0.430636 0.033031 0.080925
1 0.036269 0.303950 0.046632 0.076108
1 0.024935 0.212909 0.048575 0.073218
1 0.017487 0.356936 0.033679 0.074181
1 0.908355 0.673410 0.043394 0.069364
1 0.880181 0.607900 0.045337 0.065511
1 0.926813 0.814547 0.060881 0.099229
1 0.869495 0.807803 0.043394 0.064547
1 0.839702 0.836705 0.047280 0.070328
1 0.814119 0.868497 0.055699 0.070328
1 0.800518 0.920039 0.056995 0.088632
1 0.948187 0.929191 0.051813 0.064547
1 0.916127 0.960501 0.056347 0.078998
1 0.378886 0.948459 0.058290 0.062620
1 0.471503 0.941715 0.046632 0.064547
1 0.602979 0.922447 0.045337 0.066474
1 0.602008 0.813584 0.045984 0.078035
1 0.639249 0.767341 0.063472 0.091522
1 0.124352 0.794316 0.046632 0.076108
1 0.576101 0.970135 0.060233 0.059730
1 0.899611 0.926782 0.050518 0.111753
1 0.965026 0.861272 0.067358 0.067437
1 0.516192 0.035645 0.063472 0.069364
1 0.592617 0.125723 0.060881 0.089595
1 0.595531 0.060694 0.045984 0.061657
1 0.683938 0.071291 0.045337 0.082852
1 0.934585 0.026012 0.046632 0.050096
0 0.536269 0.802505 0.045337 0.073218
