1 0.0130208 0.819661 0.0260417 0.0768229
1 0.980729 0.585938 0.0385417 0.0807292
1 0.015625 0.880208 0.03125 0.0703125
1 0.169792 0.936849 0.1 0.126302
1 0.435937 0.690104 0.0989583 0.127604
1 0.586979 0.0442708 0.0864583 0.0885417
1 0.028125 0.67513 0.05625 0.0820312
1 0.681771 0.109375 0.211458 0.21875
1 0.878125 0.938802 0.0979167 0.111979
1 0.255208 0.950521 0.0958333 0.0989583
1 0.957812 0.791667 0.0802083 0.0963542
1 0.322396 0.661458 0.084375 0.106771
1 0.673437 0.375651 0.0864583 0.102865
1 0.209375 0.654297 0.102083 0.102865
1 0.864583 0.735026 0.122917 0.144531
1 0.01875 0.477865 0.0375 0.0755208
1 0.930729 0.600911 0.0822917 0.102865
1 0.269271 0.0553385 0.0947917 0.110677
1 0.173958 0.786458 0.1 0.104167
1 0.395312 0.378255 0.0885417 0.0950521
1 0.241146 0.220703 0.096875 0.105469
1 0.882292 0.677083 0.114583 0.143229
1 0.0520833 0.722656 0.102083 0.119792
1 0.0338542 0.587891 0.0677083 0.10026
1 0.971354 0.197917 0.0572917 0.0989583
1 0.885417 0.880208 0.0916667 0.119792
1 0.364062 0.093099 0.090625 0.113281
1 0.753646 0.742839 0.0822917 0.0898438
1 0.5375 0.211589 0.0854167 0.113281
1 0.428125 0.282552 0.102083 0.114583
1 0.722917 0.0957031 0.1 0.126302
1 0.665625 0.0911458 0.0979167 0.119792
1 0.959375 0.0970052 0.08125 0.11849
1 0.0619792 0.0716146 0.078125 0.0963542
1 0.240104 0.458984 0.0989583 0.108073
1 0.670313 0.748698 0.0885417 0.101562
1 0.252604 0.566406 0.113542 0.132812
1 0.0869792 0.542969 0.084375 0.111979
1 0.392188 0.755859 0.0864583 0.113281
1 0.540625 0.916016 0.110417 0.11849
1 0.5 0.0585938 0.1 0.0963542
1 0.86875 0.0755208 0.114583 0.151042
1 0.811979 0.105469 0.0989583 0.138021
1 0.326042 0.235677 0.0916667 0.101562
1 0.160938 0.884115 0.111458 0.122396
1 0.106771 0.63737 0.096875 0.110677
1 0.163021 0.703125 0.096875 0.132812
1 0.245312 0.358724 0.096875 0.113281
1 0.857292 0.315104 0.104167 0.114583
1 0.410937 0.563802 0.0822917 0.101562
1 0.717708 0.478516 0.0875 0.110677
1 0.255729 0.882812 0.0947917 0.109375
1 0.485938 0.328125 0.096875 0.117188
1 0.803125 0.214193 0.0916667 0.10026
1 0.488021 0.50651 0.084375 0.119792
1 0.739062 0.852214 0.0947917 0.113281
1 0.216667 0.132161 0.114583 0.136719
1 0.960938 0.714193 0.078125 0.108073
1 0.320312 0.35026 0.090625 0.114583
1 0.396875 0.657552 0.0916667 0.122396
1 0.960938 0.929036 0.078125 0.115885
1 0.05625 0.842448 0.09375 0.130208
1 0.136979 0.093099 0.0864583 0.102865
1 0.414583 0.468099 0.114583 0.123698
1 0.809375 0.811849 0.0895833 0.115885
1 0.536458 0.41276 0.1125 0.117188
1 0.0682292 0.179688 0.113542 0.143229
1 0.60625 0.798177 0.0895833 0.117188
1 0.673958 0.570964 0.10625 0.139323
1 0.548437 0.670573 0.090625 0.114583
1 0.341667 0.925781 0.1 0.127604
1 0.623958 0.67513 0.0958333 0.123698
1 0.470833 0.719401 0.104167 0.115885
1 0.519792 0.816406 0.110417 0.127604
1 0.589583 0.516276 0.1125 0.102865
1 0.053125 0.28125 0.10625 0.114583
1 0.864583 0.409505 0.0854167 0.102865
1 0.296875 0.769531 0.110417 0.151042
1 0.391146 0.192057 0.105208 0.11849
1 0.669792 0.226562 0.1 0.132812
1 0.848437 0.556641 0.109375 0.115885
1 0.909896 0.208984 0.0989583 0.126302
1 0.327083 0.53776 0.09375 0.140625
1 0.596875 0.167318 0.1 0.13151
1 0.633854 0.434896 0.101042 0.135417
1 0.467187 0.154948 0.0864583 0.119792
1 0.719271 0.664714 0.105208 0.108073
1 0.421875 0.879557 0.11875 0.14974
1 0.648958 0.922526 0.104167 0.13151
1 0.0489583 0.397786 0.0916667 0.121094
1 0.945312 0.509766 0.103125 0.113281
1 0.176563 0.272786 0.103125 0.128906
1 0.753125 0.305339 0.10625 0.147135
1 0.139583 0.406901 0.1 0.115885
