1 0.484896 0.13151 0.078125 0.0963542
1 0.216146 0.958333 0.059375 0.0833333
1 0.561458 0.890625 0.1 0.132812
1 0.0541667 0.83724 0.1 0.135417
1 0.0432292 0.943359 0.0802083 0.0950521
1 0.338542 0.0442708 0.0875 0.0885417
1 0.958854 0.942057 0.0739583 0.10026
1 0.654167 0.061849 0.0875 0.0976562
1 0.882812 0.885417 0.0885417 0.145833
1 0.877083 0.942708 0.0895833 0.106771
1 0.564583 0.197266 0.09375 0.126302
1 0.505729 0.0514323 0.078125 0.0976562
1 0.771875 0.173177 0.08125 0.104167
1 0.68125 0.145833 0.1125 0.140625
1 0.694792 0.94401 0.0895833 0.109375
1 0.867708 0.188802 0.0854167 0.0989583
1 0.572396 0.945964 0.0864583 0.105469
1 0.472396 0.222656 0.0989583 0.111979
1 0.484896 0.941406 0.101042 0.117188
1 0.35625 0.848307 0.0958333 0.115885
1 0.399479 0.171875 0.111458 0.132812
1 0.384375 0.947266 0.09375 0.105469
1 0.442187 0.843099 0.130208 0.14974
1 0.421875 0.0722656 0.1 0.134115
1 0.905208 0.294922 0.0958333 0.105469
1 0.552083 0.284505 0.0895833 0.110677
1 0.482292 0.344401 0.1 0.123698
1 0.320312 0.240885 0.109375 0.127604
1 0.277083 0.912109 0.0979167 0.126302
1 0.30625 0.694661 0.125 0.134115
1 0.404687 0.296875 0.096875 0.114583
1 0.360417 0.38737 0.104167 0.121094
1 0.123438 0.942708 0.117708 0.114583
1 0.160938 0.835938 0.115625 0.132812
1 0.570833 0.103516 0.1 0.134115
1 0.635938 0.875 0.096875 0.122396
1 0.542188 0.834635 0.115625 0.138021
1 0.305729 0.587891 0.096875 0.121094
1 0.789062 0.932943 0.113542 0.126302
1 0.367188 0.498047 0.128125 0.139323
1 0.300521 0.117839 0.107292 0.128906
1 0.723437 0.83138 0.103125 0.139323
1 0.255729 0.792969 0.134375 0.166667
1 0.806771 0.281901 0.105208 0.123698
