1 0.808933 0.976427 0.0521092 0.0471464
1 0.64206 0.972705 0.0483871 0.0545906
1 0.706576 0.868486 0.0434243 0.0496278
1 0.416253 0.621588 0.0210918 0.0272953
1 0.478908 0.488834 0.0669975 0.057072
1 0.0310174 0.395782 0.0620347 0.0645161
1 0.877171 0.185484 0.0669975 0.0583127
1 0.030397 0.514268 0.0434243 0.0508685
1 0.492556 0.241315 0.0372208 0.0459057
1 0.295906 0.0992556 0.0831266 0.0719603
1 0.0179901 0.506203 0.0359802 0.0372208
1 0.365385 0.802109 0.0657568 0.0905707
0 0.0837469 0.957196 0.0632754 0.0583127
1 0.014268 0.396402 0.028536 0.0384615
1 0.722705 0.979529 0.0483871 0.0409429
1 0.457816 0.288462 0.0496278 0.0781638
1 0.0905707 0.594293 0.0694789 0.0843672
1 0.926179 0.92928 0.0781638 0.0645161
1 0.407568 0.638337 0.0657568 0.0930521
1 0.975186 0.248139 0.0496278 0.0769231
1 0.332506 0.601737 0.0669975 0.0521092
1 0.549628 0.457816 0.0545906 0.109181
1 0.341191 0.0421836 0.044665 0.0322581
1 0.405707 0.215261 0.0794045 0.0459057
1 0.937965 0.221464 0.0471464 0.0508685
1 0.639578 0.683002 0.060794 0.0533499
1 0.377171 0.359802 0.0397022 0.044665
1 0.494417 0.0899504 0.0384615 0.0459057
1 0.364144 0.958437 0.0558313 0.0781638
1 0.0694789 0.361663 0.057072 0.0583127
1 0.123449 0.239454 0.0583127 0.0471464
1 0.632754 0.0645161 0.0744417 0.0545906
1 0.706576 0.617866 0.0434243 0.057072
1 0.171836 0.860422 0.0707196 0.0508685
1 0.594913 0.0986352 0.0756824 0.0632754
1 0.328164 0.631514 0.0756824 0.0496278
1 0.238834 0.854839 0.0707196 0.0694789
1 0.0248139 0.951613 0.0471464 0.0645161
1 0.986973 0.360422 0.0260546 0.0558313
1 0.359181 0.861042 0.0434243 0.0347395
1 0.971464 0.797146 0.0545906 0.0583127
1 0.0260546 0.789082 0.0521092 0.0595534
1 0.643921 0.313896 0.044665 0.044665
1 0.679901 0.0508685 0.044665 0.0595534
1 0.735112 0.108561 0.0483871 0.0558313
1 0.324442 0.25 0.0682382 0.0756824
1 0.962159 0.667494 0.0533499 0.0669975
1 0.836849 0.687345 0.0682382 0.0496278
1 0.298387 0.282878 0.0384615 0.044665
1 0.862283 0.26861 0.0521092 0.0980149
1 0.205335 0.0136476 0.0459057 0.0272953
1 0.781638 0.846154 0.0694789 0.0521092
1 0.465261 0.254963 0.044665 0.0384615
1 0.46402 0.498139 0.0297767 0.0384615
1 0.37469 0.264888 0.0545906 0.0583127
1 0.780397 0.705955 0.0645161 0.0620347
1 0.906948 0.525434 0.0595534 0.0756824
1 0.451613 0.470223 0.0521092 0.057072
1 0.704715 0.590571 0.0669975 0.0669975
1 0.116005 0.653846 0.0905707 0.0545906
1 0.439206 0.385856 0.0595534 0.0545906
1 0.894541 0.222705 0.0496278 0.0483871
1 0.715261 0.0533499 0.0657568 0.0818859
1 0.782878 0.677419 0.0322581 0.0421836
1 0.627171 0.434243 0.0806452 0.0521092
1 0.138958 0.763027 0.0421836 0.0744417
1 0.495658 0.216501 0.028536 0.0533499
1 0.565757 0.647022 0.0595534 0.0707196
1 0.325062 0.510546 0.0843672 0.0483871
1 0.219603 0.970223 0.0471464 0.0496278
0 0.0514888 0.955955 0.0434243 0.0558313
1 0.522953 0.810794 0.0558313 0.0657568
1 0.74938 0.433002 0.0347395 0.0297767
1 0.318859 0.811414 0.0645161 0.0794045
1 0.419975 0.524194 0.0483871 0.0905707
1 0.246898 0.559553 0.0471464 0.101737
1 0.450372 0.0155087 0.0397022 0.0310174
1 0.604218 0.338089 0.0397022 0.0781638
1 0.42928 0.323821 0.0843672 0.044665
1 0.0849876 0.434864 0.0831266 0.0583127
1 0.669355 0.8933 0.060794 0.0496278
1 0.0322581 0.242556 0.0595534 0.0632754
1 0.832506 0.759926 0.0496278 0.0756824
1 0.472705 0.634615 0.0471464 0.0980149
1 0.0564516 0.73263 0.0558313 0.0459057
1 0.852978 0.0477667 0.0483871 0.0880893
1 0.702233 0.102978 0.0421836 0.0421836
1 0.583747 0.264888 0.0434243 0.0334988
1 0.559553 0.903846 0.0322581 0.0260546
1 0.331886 0.867866 0.0781638 0.0533499
1 0.669975 0.316377 0.044665 0.044665
1 0.563896 0.719603 0.0459057 0.0421836
1 0.353598 0.0527295 0.044665 0.0359802
1 0.259305 0.0924318 0.0545906 0.0583127
1 0.1067 0.156328 0.0248139 0.0545906
1 0.850496 0.497519 0.0508685 0.0397022
1 0.269851 0.60794 0.0359802 0.0372208
1 0.33995 0.0235732 0.0347395 0.0471464
1 0.409429 0.655087 0.0421836 0.0496278
1 0.708437 0.659429 0.0421836 0.0434243
1 0.532878 0.853598 0.0334988 0.0372208
1 0.897643 0.494417 0.0459057 0.0533499
1 0.815757 0.92804 0.0806452 0.0545906
1 0.852978 0.704094 0.060794 0.0508685
1 0.302109 0.0155087 0.0384615 0.0310174
1 0.532258 0.492556 0.0669975 0.0521092
1 0.509305 0.23201 0.0558313 0.0645161
1 0.121588 0.147643 0.0496278 0.0421836
1 0.014268 0.451613 0.028536 0.044665
1 0.968362 0.94727 0.0483871 0.0781638
1 0.490695 0.35732 0.0483871 0.0471464
1 0.207196 0.470223 0.0397022 0.0471464
1 0.240695 0.0651365 0.0372208 0.0508685
1 0.316998 0.274814 0.0434243 0.0434243
1 0.916873 0.386476 0.0719603 0.0459057
1 0.132134 0.877171 0.0359802 0.0372208
1 0.658809 0.917494 0.0471464 0.0434243
1 0.760546 0.444169 0.0347395 0.0397022
1 0.354218 0.418114 0.0384615 0.044665
1 0.670596 0.972084 0.0459057 0.0558313
1 0.724566 0.937345 0.0397022 0.0434243
1 0.0297767 0.761166 0.0421836 0.0508685
1 0.356079 0.0173697 0.044665 0.0347395
1 0.652605 0.361663 0.0397022 0.0359802
1 0.637717 0.0297767 0.0843672 0.0322581
1 0.628412 0.824442 0.0359802 0.0409429
1 0.369727 0.624069 0.0322581 0.044665
1 0.703474 0.942928 0.0397022 0.0397022
1 0.666873 0.842432 0.0459057 0.0347395
1 0.158809 0.743176 0.0471464 0.0471464
1 0.754342 0.870968 0.0471464 0.044665
1 0.766129 0.647022 0.0434243 0.0583127
1 0.484491 0.261787 0.0434243 0.044665
1 0.165633 0.663151 0.0359802 0.0409429
1 0.55397 0.898263 0.0508685 0.0521092
1 0.986352 0.239454 0.0272953 0.0421836
1 0.734491 0.859801 0.057072 0.0471464
1 0.848635 0.0967742 0.0421836 0.0595534
1 0.351117 0.728288 0.044665 0.0471464
1 0.563275 0.831266 0.0471464 0.044665
1 0.686725 0.961538 0.0483871 0.0545906
1 0.581886 0.870347 0.0471464 0.0459057
1 0.0186104 0.101737 0.0372208 0.044665
1 0.684243 0.879032 0.0434243 0.0434243
1 0.612903 0.308313 0.0372208 0.0483871
1 0.505583 0.686104 0.0459057 0.0471464
1 0.620347 0.849256 0.0471464 0.0483871
1 0.980149 0.330025 0.0322581 0.0421836
1 0.312655 0.33995 0.044665 0.0471464
1 0.754342 0.975806 0.0471464 0.0434243
1 0.0186104 0.485112 0.0372208 0.0471464
1 0.784739 0.980149 0.0459057 0.0397022
1 0.272953 0.771712 0.0471464 0.0471464
1 0.682382 0.0980149 0.0471464 0.0496278
1 0.0452854 0.531638 0.0483871 0.0483871
1 0.877171 0.498759 0.044665 0.044665
1 0.187345 0.601737 0.0471464 0.0421836
1 0.472084 0.76861 0.028536 0.0384615
1 0.931762 0.665633 0.0372208 0.0334988
1 0.295285 0.922457 0.0397022 0.0434243
1 0.726427 0.82134 0.0459057 0.0421836
1 0.842432 0.809553 0.0421836 0.0483871
1 0.0198511 0.812035 0.0397022 0.0459057
1 0.687965 0.73263 0.0434243 0.0459057
1 0.649504 0.879032 0.0483871 0.0459057
1 0.419355 0.980149 0.0521092 0.0397022
1 0.251241 0.0794045 0.0310174 0.0372208
1 0.740074 0.557072 0.0483871 0.0521092
1 0.577543 0.92804 0.0409429 0.044665
1 0.449132 0.491935 0.0397022 0.0459057
1 0.0204715 0.870968 0.0409429 0.0471464
1 0.487593 0.19665 0.0471464 0.0508685
1 0.202854 0.978908 0.0384615 0.0421836
1 0.0241935 0.725186 0.0483871 0.0459057
1 0.586228 0.361663 0.0558313 0.0409429
1 0.524194 0.168114 0.0459057 0.0459057
1 0.431141 0.648263 0.0434243 0.0459057
1 0.563275 0.416253 0.0372208 0.0409429
1 0.436725 0.265509 0.0471464 0.044665
1 0.0229529 0.320099 0.0409429 0.0496278
1 0.17866 0.638958 0.0471464 0.0471464
1 0.977047 0.754342 0.0459057 0.0496278
1 0.619107 0.765509 0.0496278 0.0496278
1 0.599876 0.426179 0.0434243 0.0483871
1 0.117246 0.529777 0.0359802 0.0397022
1 0.158189 0.846774 0.0409429 0.0409429
1 0.395782 0.670596 0.0421836 0.0434243
1 0.226427 0.465881 0.0483871 0.0459057
1 0.666873 0.0694789 0.060794 0.0521092
1 0.524814 0.0794045 0.0471464 0.0471464
1 0.525434 0.228288 0.0384615 0.0372208
1 0.387097 0.374069 0.0372208 0.0483871
1 0.450993 0.648263 0.0359802 0.0409429
1 0.307692 0.132754 0.0397022 0.044665
1 0.94727 0.30335 0.0459057 0.0483871
1 0.715881 0.639578 0.0347395 0.060794
1 0.496898 0.148883 0.0459057 0.044665
1 0.217122 0.849876 0.0397022 0.0421836
1 0.138958 0.436104 0.0397022 0.0459057
1 0.544045 0.663151 0.0434243 0.0434243
1 0.418734 0.378412 0.0459057 0.0471464
1 0.71402 0.57134 0.0384615 0.0384615
1 0.900744 0.955335 0.0471464 0.0471464
1 0.468362 0.309553 0.0459057 0.0533499
1 0.102978 0.630273 0.0372208 0.0372208
1 0.561414 0.790943 0.0434243 0.0459057
1 0.235732 0.955955 0.044665 0.0434243
1 0.371588 0.060794 0.0459057 0.044665
1 0.161911 0.475806 0.0707196 0.060794
1 0.485112 0.66005 0.0471464 0.0421836
1 0.588089 0.709057 0.0397022 0.0384615
1 0.0452854 0.0942928 0.0384615 0.044665
1 0.716501 0.0322581 0.0459057 0.0471464
1 0.274814 0.117246 0.0508685 0.0558313
1 0.913151 0.401365 0.0397022 0.0434243
1 0.984491 0.0831266 0.0310174 0.0397022
1 0.682382 0.604218 0.0421836 0.044665
1 0.515509 0.581266 0.0483871 0.0483871
1 0.341191 0.648263 0.0471464 0.0434243
1 0.80273 0.695409 0.0471464 0.0483871
1 0.148883 0.724566 0.0471464 0.0421836
1 0.506203 0.0179901 0.044665 0.0359802
1 0.287841 0.242556 0.0421836 0.0508685
1 0.331266 0.707196 0.0471464 0.0471464
1 0.0651365 0.586228 0.0409429 0.0384615
1 0.496278 0.0614144 0.044665 0.0434243
1 0.349256 0.271712 0.0459057 0.044665
1 0.044665 0.17804 0.0471464 0.0508685
1 0.151365 0.599876 0.0471464 0.0483871
1 0.984491 0.815136 0.0310174 0.044665
1 0.186725 0.877171 0.0434243 0.0397022
1 0.371588 0.408809 0.0483871 0.0459057
1 0.0173697 0.686725 0.0347395 0.0459057
1 0.606079 0.459057 0.0434243 0.0421836
1 0.601117 0.264268 0.0508685 0.0496278
1 0.439206 0.752481 0.0496278 0.0483871
1 0.784119 0.656948 0.0421836 0.0434243
1 0.112283 0.560794 0.0434243 0.0471464
1 0.94727 0.69665 0.0533499 0.0459057
1 0.208437 0.513648 0.0471464 0.0421836
1 0.256203 0.485112 0.0483871 0.044665
1 0.977047 0.975806 0.0459057 0.0483871
1 0.28536 0.96464 0.0471464 0.0434243
1 0.620968 0.955955 0.0409429 0.0409429
1 0.254963 0.743797 0.0459057 0.0434243
1 0.91129 0.465881 0.0483871 0.0459057
1 0.0533499 0.83995 0.044665 0.0471464
1 0.406948 0.0806452 0.044665 0.0545906
1 0.980769 0.379653 0.0384615 0.0521092
1 0.983871 0.578164 0.0322581 0.044665
1 0.551489 0.537221 0.0508685 0.0496278
1 0.0192308 0.225186 0.0384615 0.0459057
1 0.245658 0.635856 0.0421836 0.0483871
1 0.465881 0.365385 0.0359802 0.0483871
1 0.69727 0.695409 0.044665 0.0459057
1 0.814516 0.782258 0.0459057 0.0434243
1 0.351737 0.340571 0.0483871 0.0459057
1 0.253722 0.907568 0.0459057 0.0434243
1 0.238834 0.370968 0.0409429 0.0397022
1 0.333747 0.417494 0.0496278 0.0459057
1 0.937965 0.17866 0.0471464 0.044665
1 0.874069 0.212159 0.0359802 0.0421836
1 0.832506 0.436104 0.0421836 0.0434243
1 0.907568 0.102357 0.0409429 0.0384615
1 0.754963 0.0186104 0.0459057 0.0372208
1 0.555211 0.349876 0.0483871 0.0496278
1 0.25 0.596154 0.0508685 0.0533499
1 0.264268 0.834988 0.0421836 0.0421836
1 0.322581 0.225806 0.0471464 0.0421836
1 0.10794 0.409429 0.044665 0.044665
1 0.794045 0.936104 0.0421836 0.0434243
1 0.94665 0.861042 0.0496278 0.0471464
1 0.0186104 0.598635 0.0372208 0.0483871
1 0.89206 0.800248 0.0397022 0.0471464
1 0.129653 0.666873 0.0459057 0.0483871
1 0.970223 0.0229529 0.057072 0.0459057
1 0.658809 0.80273 0.0471464 0.0496278
1 0.254342 0.525434 0.0397022 0.0359802
1 0.559553 0.0496278 0.0397022 0.0421836
1 0.202854 0.375931 0.0434243 0.0397022
1 0.711538 0.777916 0.0483871 0.0471464
1 0.601117 0.0719603 0.0459057 0.044665
1 0.30273 0.57134 0.0421836 0.0409429
1 0.841191 0.725186 0.0471464 0.0434243
1 0.687965 0.309553 0.0434243 0.0459057
1 0.0725806 0.444789 0.0409429 0.0459057
1 0.207816 0.57134 0.0483871 0.0508685
1 0.274194 0.302109 0.0496278 0.0459057
1 0.19727 0.687345 0.044665 0.0421836
1 0.836228 0.0217122 0.0545906 0.0434243
1 0.966501 0.639578 0.0471464 0.0483871
1 0.114144 0.0794045 0.0471464 0.0496278
1 0.956576 0.215261 0.0397022 0.0434243
1 0.69727 0.367246 0.0471464 0.0521092
1 0.0421836 0.0409429 0.0471464 0.044665
1 0.856079 0.0775434 0.044665 0.0409429
1 0.325682 0.930521 0.0409429 0.044665
1 0.0527295 0.475186 0.0434243 0.0471464
1 0.555831 0.974566 0.0471464 0.0434243
1 0.350496 0.973945 0.0409429 0.0421836
1 0.94665 0.800869 0.0372208 0.0434243
1 0.0924318 0.830025 0.0508685 0.0545906
1 0.361042 0.156328 0.0421836 0.044665
1 0.0794045 0.740695 0.0421836 0.044665
1 0.754963 0.118486 0.0434243 0.0459057
1 0.28598 0.348015 0.0459057 0.0508685
1 0.552109 0.291563 0.0421836 0.044665
1 0.437965 0.217742 0.0471464 0.0483871
1 0.0725806 0.540943 0.0409429 0.044665
1 0.0614144 0.136476 0.0459057 0.0496278
1 0.659429 0.695409 0.0434243 0.0483871
1 0.618486 0.125931 0.0434243 0.0434243
1 0.227047 0.0514888 0.0471464 0.0483871
1 0.0341191 0.418734 0.0483871 0.0483871
1 0.246898 0.435484 0.044665 0.0471464
1 0.649504 0.648263 0.0483871 0.0434243
1 0.723945 0.509926 0.0483871 0.044665
1 0.746278 0.925558 0.0459057 0.0496278
1 0.909429 0.55335 0.0471464 0.0545906
1 0.937965 0.269851 0.044665 0.0384615
1 0.745658 0.397022 0.044665 0.0471464
1 0.658809 0.263027 0.0421836 0.044665
1 0.526055 0.425558 0.0471464 0.044665
1 0.304591 0.69665 0.0483871 0.0508685
1 0.511166 0.896402 0.0421836 0.0434243
1 0.323821 0.08933 0.044665 0.0471464
1 0.0719603 0.648883 0.0471464 0.0496278
1 0.92928 0.829404 0.0471464 0.0483871
1 0.132134 0.0223325 0.0434243 0.044665
1 0.82196 0.168734 0.0483871 0.0471464
1 0.313896 0.618486 0.0421836 0.0434243
1 0.91005 0.176799 0.0483871 0.0459057
1 0.774194 0.48263 0.044665 0.0471464
1 0.792184 0.57196 0.0459057 0.044665
1 0.189206 0.0403226 0.0434243 0.0459057
1 0.852357 0.379032 0.044665 0.0459057
1 0.842432 0.909429 0.0471464 0.0496278
1 0.745037 0.23139 0.0434243 0.0409429
1 0.915012 0.924318 0.0434243 0.0372208
1 0.418734 0.33995 0.0409429 0.0471464
1 0.897643 0.0514888 0.0459057 0.0533499
1 0.101737 0.187345 0.0421836 0.0372208
1 0.182382 0.330025 0.0397022 0.0397022
1 0.880273 0.281638 0.0434243 0.0471464
1 0.251861 0.699131 0.0471464 0.0483871
1 0.368486 0.19665 0.0421836 0.0459057
1 0.572581 0.111042 0.0483871 0.0508685
1 0.380893 0.763648 0.0471464 0.0459057
1 0.552109 0.473945 0.044665 0.044665
1 0.611663 0.540943 0.044665 0.0496278
1 0.863524 0.686104 0.044665 0.0421836
1 0.458437 0.444789 0.0459057 0.0483871
1 0.376551 0.824442 0.0409429 0.0434243
1 0.325682 0.795906 0.0384615 0.0409429
1 0.352978 0.878412 0.0434243 0.0496278
1 0.437965 0.531638 0.044665 0.0483871
1 0.395161 0.480769 0.0459057 0.0409429
1 0.486973 0.562035 0.0483871 0.0521092
1 0.401365 0.558933 0.0409429 0.0483871
1 0.754342 0.627171 0.0421836 0.0508685
1 0.458437 0.947891 0.0483871 0.0496278
1 0.92804 0.367866 0.0421836 0.0483871
1 0.793424 0.361042 0.0483871 0.044665
1 0.810174 0.831266 0.0496278 0.044665
1 0.830645 0.258685 0.0434243 0.0409429
1 0.735112 0.349256 0.0508685 0.0459057
1 0.295285 0.521092 0.0421836 0.0471464
1 0.467742 0.601737 0.0471464 0.0545906
1 0.514888 0.352978 0.0471464 0.0483871
1 0.542804 0.598015 0.0459057 0.0471464
1 0.496278 0.110422 0.0471464 0.044665
1 0.80335 0.206576 0.0459057 0.0459057
1 0.640199 0.349256 0.0421836 0.0459057
1 0.746278 0.717122 0.0707196 0.0645161
1 0.151365 0.236973 0.0471464 0.0496278
1 0.282258 0.0514888 0.0434243 0.0434243
1 0.611663 0.917494 0.0471464 0.0483871
1 0.64206 0.195409 0.0459057 0.0459057
1 0.217742 0.194789 0.0384615 0.0471464
1 0.794045 0.110422 0.0471464 0.0471464
1 0.698511 0.206576 0.0471464 0.0459057
1 0.331266 0.495037 0.0421836 0.044665
1 0.169975 0.762407 0.0471464 0.0459057
1 0.388958 0.906948 0.0434243 0.044665
1 0.651365 0.561414 0.044665 0.0483871
1 0.831886 0.110422 0.0483871 0.0545906
1 0.544665 0.715261 0.044665 0.0459057
1 0.102357 0.140199 0.0483871 0.0496278
1 0.0440447 0.367866 0.0459057 0.0483871
1 0.28598 0.205335 0.0459057 0.0459057
1 0.593052 0.620347 0.044665 0.0471464
1 0.302109 0.742556 0.0384615 0.0434243
1 0.141439 0.301489 0.0421836 0.0421836
1 0.0434243 0.262407 0.0397022 0.0409429
1 0.851117 0.57072 0.0471464 0.0471464
1 0.707816 0.147022 0.0459057 0.0459057
1 0.401365 0.734491 0.0483871 0.0521092
1 0.612903 0.69603 0.0471464 0.0521092
1 0.649504 0.417494 0.0459057 0.0459057
1 0.505583 0.503102 0.0483871 0.0508685
1 0.401365 0.253102 0.0483871 0.0496278
1 0.0552109 0.312035 0.0483871 0.0508685
1 0.92804 0.58933 0.0421836 0.0471464
1 0.188586 0.108561 0.0496278 0.0483871
1 0.78598 0.417494 0.0459057 0.0459057
1 0.0924318 0.349256 0.0434243 0.0459057
1 0.0192308 0.151365 0.0384615 0.044665
1 0.496898 0.967742 0.0483871 0.0496278
1 0.977047 0.293424 0.0459057 0.0508685
1 0.765509 0.166873 0.0471464 0.0508685
1 0.833747 0.485112 0.0471464 0.0545906
1 0.419355 0.840571 0.0471464 0.0483871
1 0.401365 0.609801 0.0483871 0.0533499
1 0.30335 0.848635 0.0409429 0.044665
1 0.669355 0.0248139 0.0483871 0.0496278
1 0.101117 0.242556 0.0409429 0.0483871
1 0.91067 0.234491 0.0471464 0.0471464
1 0.400124 0.94727 0.0483871 0.0508685
1 0.901985 0.330025 0.0471464 0.0545906
1 0.601737 0.0316377 0.0397022 0.0434243
1 0.128412 0.78598 0.0483871 0.0483871
1 0.439826 0.0638958 0.0483871 0.0508685
1 0.726427 0.0911911 0.0483871 0.0409429
1 0.459057 0.715881 0.0471464 0.0496278
1 0.352357 0.591191 0.0471464 0.0459057
1 0.968362 0.908809 0.0483871 0.0533499
1 0.209677 0.773573 0.0471464 0.0533499
1 0.554591 0.140199 0.0471464 0.0521092
1 0.738213 0.292804 0.0471464 0.0545906
1 0.467122 0.878412 0.0409429 0.044665
1 0.151985 0.138958 0.0483871 0.0521092
1 0.506203 0.792804 0.0471464 0.0496278
1 0.496898 0.736352 0.0483871 0.0533499
1 0.458437 0.82196 0.0483871 0.0508685
