1 0.0669192 0.304281 0.0782828 0.107034
1 0.770202 0.571865 0.181818 0.140673
1 0.74495 0.16208 0.166667 0.140673
1 0.438131 0.493884 0.138889 0.107034
1 0.699495 0.663609 0.126263 0.140673
1 0.578283 0.0733945 0.106061 0.103976
1 0.888889 0.460245 0.156566 0.125382
1 0.60101 0.125382 0.116162 0.12844
1 0.464646 0.0764526 0.111111 0.122324
1 0.0732323 0.380734 0.106061 0.143731
1 0.746212 0.963303 0.0934343 0.0733945
1 0.116162 0.362385 0.10101 0.11315
1 0.190657 0.943425 0.113636 0.11315
1 0.510101 0.48318 0.111111 0.103976
1 0.107323 0.0688073 0.0984849 0.11315
1 0.964646 0.636086 0.0707071 0.103976
1 0.237374 0.486239 0.111111 0.12844
1 0.710859 0.107034 0.113636 0.122324
1 0.945707 0.0565749 0.108586 0.11315
1 0.0467172 0.432722 0.0934343 0.137615
1 0.690657 0.538226 0.103535 0.116208
1 0.332071 0.536697 0.103535 0.137615
1 0.651515 0.727829 0.106061 0.12844
1 0.539141 0.402141 0.113636 0.143731
1 0.828283 0.876147 0.111111 0.137615
1 0.218434 0.567278 0.113636 0.155963
1 0.536616 0.185015 0.113636 0.137615
1 0.733586 0.616208 0.0934343 0.131498
1 0.14899 0.237003 0.111111 0.131498
1 0.0441919 0.270642 0.0883838 0.125382
1 0.829545 0.20948 0.113636 0.125382
1 0.0441919 0.880734 0.0883838 0.134557
1 0.421717 0.152905 0.111111 0.12844
1 0.65404 0.455657 0.111111 0.134557
1 0.238636 0.87156 0.113636 0.152905
1 0.170455 0.376147 0.113636 0.146789
1 0.924242 0.425076 0.0959596 0.116208
1 0.675505 0.181957 0.113636 0.149847
1 0.834596 0.510703 0.113636 0.140673
1 0.854798 0.737003 0.113636 0.146789
1 0.309343 0.59633 0.113636 0.134557
1 0.67298 0.87156 0.113636 0.152905
1 0.107323 0.567278 0.113636 0.155963
1 0.761364 0.379205 0.113636 0.134557
1 0.333333 0.845566 0.111111 0.143731
1 0.127525 0.873089 0.113636 0.143731
