0 0.049709 0.018304 0.021049 0.032755
0 0.067843 0.027697 0.022992 0.030347
0 0.056509 0.058285 0.021049 0.024085
0 0.064929 0.084538 0.019754 0.030347
0 0.089864 0.092004 0.019754 0.029865
0 0.134391 0.063584 0.018782 0.026975
0 0.151069 0.060453 0.017811 0.025530
0 0.169041 0.061416 0.019430 0.030347
0 0.239961 0.011320 0.030440 0.020713
0 0.403659 0.037572 0.020402 0.030829
0 0.301975 0.086464 0.017811 0.026493
0 0.252267 0.099711 0.018782 0.025048
0 0.227008 0.117534 0.023316 0.027938
0 0.011658 0.117534 0.022668 0.030829
0 0.161269 0.106936 0.022668 0.027938
0 0.154307 0.130539 0.017811 0.026975
0 0.179242 0.144750 0.017811 0.029383
0 0.195758 0.136320 0.017163 0.027938
0 0.217940 0.163295 0.015544 0.027938
0 0.235913 0.152216 0.024288 0.036609
0 0.258420 0.179432 0.021373 0.030347
0 0.293880 0.161368 0.021697 0.031792
0 0.332092 0.123555 0.023640 0.030347
0 0.301166 0.114644 0.019430 0.027938
0 0.276231 0.111513 0.024611 0.026493
0 0.273802 0.092004 0.016516 0.022158
0 0.423899 0.073699 0.019430 0.031792
0 0.408679 0.088391 0.018135 0.030347
0 0.397345 0.103324 0.018135 0.028420
0 0.414346 0.111753 0.021049 0.028902
0 0.492390 0.125241 0.020402 0.032755
0 0.507286 0.013247 0.016516 0.025530
0 0.525745 0.013728 0.022345 0.024566
0 0.520078 0.032033 0.022668 0.029383
0 0.581930 0.018304 0.022021 0.032755
0 0.598931 0.024807 0.019106 0.025530
0 0.580635 0.044798 0.020078 0.024085
0 0.633744 0.056358 0.018782 0.027938
0 0.612694 0.073699 0.015544 0.028902
0 0.627915 0.084778 0.020078 0.031792
0 0.648964 0.090077 0.019430 0.029865
0 0.685071 0.100915 0.022345 0.028420
0 0.707254 0.123073 0.022021 0.028420
0 0.681995 0.059008 0.017487 0.027457
0 0.660784 0.046724 0.021049 0.036609
0 0.625486 0.016618 0.025583 0.032274
0 0.683776 0.008671 0.022992 0.016378
0 0.713892 0.012765 0.017811 0.024566
0 0.716483 0.034441 0.017163 0.023603
0 0.733323 0.029383 0.019754 0.026975
0 0.769754 0.044316 0.019430 0.026975
0 0.795661 0.056599 0.016839 0.027457
0 0.820920 0.074181 0.017487 0.030829
0 0.852979 0.047688 0.020725 0.032755
0 0.851522 0.085019 0.016516 0.031310
0 0.868685 0.083333 0.019754 0.035645
0 0.908679 0.093931 0.018135 0.032755
0 0.897992 0.108141 0.019430 0.030347
0 0.884391 0.127649 0.018782 0.027938
0 0.494819 0.160886 0.018782 0.026975
0 0.588892 0.160164 0.015220 0.025530
0 0.602817 0.166667 0.014573 0.030829
0 0.618523 0.170761 0.018782 0.030347
0 0.635687 0.150771 0.022021 0.031792
0 0.683290 0.200626 0.023964 0.029383
0 0.653497 0.206647 0.016839 0.028902
0 0.635687 0.218690 0.016192 0.027938
0 0.880019 0.176301 0.022345 0.034682
0 0.880667 0.220617 0.019754 0.033719
0 0.895887 0.215800 0.021049 0.026975
0 0.952234 0.208574 0.021049 0.037572
0 0.984618 0.207129 0.021049 0.035645
0 0.919365 0.156069 0.018782 0.028902
0 0.907060 0.147158 0.019430 0.026493
0 0.936043 0.129817 0.022992 0.035164
0 0.950291 0.086705 0.022992 0.035645
0 0.978789 0.105250 0.018459 0.029383
0 0.978141 0.104287 0.018459 0.029383
0 0.338407 0.226397 0.020078 0.026975
0 0.344560 0.253131 0.019430 0.027457
0 0.212921 0.218690 0.018459 0.031792
0 0.201101 0.230010 0.017487 0.029383
0 0.187338 0.249518 0.019754 0.028902
0 0.204339 0.251927 0.020725 0.032755
0 0.203044 0.279865 0.021373 0.026975
0 0.193005 0.290703 0.021373 0.035164
0 0.118361 0.206647 0.020402 0.030829
0 0.138439 0.212669 0.021697 0.034200
0 0.086626 0.200867 0.025583 0.032755
0 0.062500 0.205684 0.023316 0.026012
0 0.066386 0.224711 0.019430 0.024566
0 0.017649 0.223748 0.026878 0.041908
0 0.123057 0.280588 0.025259 0.030347
0 0.108646 0.243738 0.021697 0.029865
0 0.080797 0.298170 0.022992 0.021195
0 0.102655 0.313102 0.017487 0.026975
0 0.143782 0.325626 0.028497 0.036609
0 0.257124 0.323699 0.020078 0.033719
0 0.277364 0.315511 0.019106 0.027938
0 0.279307 0.289258 0.029469 0.034200
0 0.363504 0.303709 0.024288 0.028420
0 0.450777 0.314066 0.029145 0.034682
0 0.460168 0.247110 0.017487 0.036609
0 0.401878 0.218449 0.018135 0.029383
0 0.361885 0.167630 0.021697 0.033719
0 0.337273 0.171243 0.020402 0.029383
0 0.450453 0.159682 0.016839 0.024566
0 0.459035 0.185934 0.017811 0.031792
0 0.449158 0.194846 0.014896 0.031310
0 0.510201 0.205925 0.018459 0.028420
0 0.474903 0.237958 0.015868 0.030829
0 0.496924 0.252168 0.014573 0.032274
0 0.508582 0.236031 0.024288 0.040462
0 0.559747 0.211464 0.018459 0.043353
0 0.577882 0.198940 0.021049 0.036609
0 0.574158 0.232177 0.016192 0.029865
0 0.557319 0.065751 0.021373 0.033237
0 0.606056 0.114884 0.022992 0.035164
0 0.085978 0.354046 0.024935 0.025048
0 0.006477 0.374518 0.012306 0.030347
0 0.270078 0.356214 0.017487 0.030347
0 0.287403 0.356214 0.023640 0.036127
0 0.309262 0.364403 0.015544 0.032274
0 0.321891 0.353083 0.018782 0.035645
0 0.339216 0.348748 0.022992 0.032755
0 0.342455 0.375241 0.021049 0.026012
0 0.322215 0.381503 0.019430 0.028902
0 0.436043 0.380780 0.026231 0.037091
0 0.413860 0.393304 0.020078 0.032274
0 0.426490 0.415222 0.018782 0.026975
0 0.410946 0.419316 0.022021 0.030347
0 0.408031 0.446291 0.018782 0.026493
0 0.427785 0.438102 0.022668 0.034200
0 0.514087 0.365848 0.021697 0.034200
0 0.535784 0.282755 0.021049 0.033719
0 0.551813 0.275530 0.020725 0.028902
0 0.635201 0.304672 0.025583 0.033237
0 0.661593 0.277938 0.022668 0.033719
0 0.711626 0.297929 0.019754 0.036127
0 0.700615 0.300096 0.018459 0.033719
0 0.681347 0.334297 0.021373 0.026975
0 0.667584 0.353324 0.022992 0.026493
0 0.646373 0.366329 0.017487 0.026493
0 0.578530 0.366811 0.024935 0.027457
0 0.563310 0.314788 0.023640 0.031310
0 0.512953 0.402697 0.018135 0.028902
0 0.529631 0.409200 0.020402 0.027457
0 0.511334 0.432322 0.021373 0.029383
0 0.529793 0.434730 0.027202 0.030347
0 0.578206 0.427505 0.026231 0.034200
0 0.557966 0.446773 0.025259 0.038054
0 0.641516 0.438102 0.022021 0.031310
0 0.666775 0.412813 0.024611 0.032755
0 0.634391 0.393064 0.023964 0.027938
0 0.679080 0.382948 0.028497 0.032755
0 0.658841 0.389451 0.024935 0.028420
0 0.645402 0.414740 0.023316 0.028902
0 0.729598 0.393786 0.018782 0.034200
0 0.746276 0.383189 0.021049 0.034200
0 0.757772 0.338632 0.018782 0.028902
0 0.770887 0.289499 0.023640 0.026975
0 0.789022 0.309249 0.018459 0.031792
0 0.790641 0.332370 0.024288 0.027938
0 0.774773 0.358382 0.021049 0.026975
0 0.790155 0.355491 0.019430 0.026975
0 0.807319 0.351156 0.018135 0.029865
0 0.806347 0.307563 0.025259 0.035164
0 0.828044 0.317678 0.020078 0.031310
0 0.823996 0.350915 0.017811 0.027457
0 0.857513 0.335742 0.020078 0.033719
0 0.839864 0.383911 0.025583 0.029865
0 0.849903 0.405347 0.021049 0.027457
0 0.867876 0.379094 0.020725 0.033719
0 0.906898 0.353805 0.024935 0.029383
0 0.875648 0.312620 0.022668 0.032755
0 0.925680 0.298410 0.021049 0.033237
0 0.936367 0.261802 0.024288 0.033237
0 0.931185 0.236994 0.024935 0.028902
0 0.990285 0.152938 0.019430 0.032274
0 0.941872 0.013006 0.023640 0.023121
0 0.870466 0.013006 0.025907 0.025048
0 0.888439 0.010838 0.019754 0.020713
0 0.964216 0.009634 0.021697 0.016378
0 0.956930 0.378613 0.026554 0.040462
0 0.973769 0.361272 0.016839 0.027938
0 0.924870 0.405347 0.026554 0.023603
0 0.911431 0.380058 0.025583 0.033719
0 0.991904 0.406551 0.016192 0.033719
0 0.990771 0.344653 0.018459 0.035164
0 0.990285 0.297929 0.019430 0.039981
0 0.757286 0.430395 0.019754 0.028420
0 0.776554 0.427746 0.023316 0.033719
0 0.758744 0.453035 0.026554 0.022640
0 0.802299 0.440029 0.017163 0.031310
0 0.819786 0.434249 0.020402 0.039017
0 0.858161 0.460501 0.021373 0.039499
0 0.886658 0.465077 0.023964 0.036127
0 0.923737 0.477842 0.024288 0.037572
0 0.965026 0.468931 0.020078 0.038054
0 0.379858 0.465318 0.023316 0.036609
0 0.329501 0.472784 0.023640 0.033237
0 0.246762 0.411127 0.024611 0.032274
0 0.263277 0.458574 0.022668 0.034682
0 0.243523 0.461705 0.023316 0.036127
0 0.147668 0.412091 0.021373 0.035164
0 0.189605 0.442678 0.026231 0.033719
0 0.146859 0.473748 0.023640 0.037091
0 0.114637 0.449663 0.024611 0.038054
0 0.101684 0.466763 0.024611 0.028902
0 0.099741 0.489403 0.031088 0.024085
0 0.037889 0.451108 0.020078 0.031310
0 0.017001 0.415944 0.025583 0.033237
0 0.009715 0.447495 0.018782 0.028902
0 0.026716 0.512765 0.019754 0.026493
0 0.170175 0.501445 0.018459 0.021195
0 0.182157 0.513006 0.021049 0.028902
0 0.214216 0.511561 0.018459 0.034682
0 0.232027 0.519268 0.019754 0.031792
0 0.258096 0.516618 0.022021 0.032274
0 0.277040 0.534682 0.021049 0.033719
0 0.256962 0.542871 0.021697 0.031792
0 0.301813 0.539499 0.020078 0.032755
0 0.354275 0.523362 0.026554 0.036127
0 0.438957 0.544075 0.019754 0.033237
0 0.451911 0.461705 0.021697 0.034200
0 0.468912 0.476638 0.020078 0.036127
0 0.518782 0.458815 0.022668 0.036127
0 0.649288 0.491329 0.018135 0.028902
0 0.669527 0.489884 0.022992 0.032755
0 0.657869 0.512524 0.018459 0.028902
0 0.651878 0.530588 0.025907 0.033237
0 0.677947 0.518304 0.024288 0.038536
0 0.726684 0.505299 0.018782 0.030829
0 0.711788 0.516378 0.020078 0.035645
0 0.574644 0.525530 0.024935 0.029865
0 0.536269 0.552505 0.018782 0.029865
0 0.581282 0.556118 0.021373 0.034200
0 0.612694 0.557322 0.023316 0.030829
0 0.715026 0.573459 0.024611 0.024566
0 0.712435 0.543353 0.025907 0.032755
0 0.736075 0.535886 0.017487 0.034200
0 0.752753 0.552505 0.018459 0.026975
0 0.772992 0.552505 0.023964 0.039499
0 0.762468 0.573699 0.019754 0.027938
0 0.771211 0.601397 0.019754 0.028420
0 0.824158 0.561898 0.026554 0.033237
0 0.818005 0.528661 0.022021 0.026493
0 0.795175 0.478565 0.022345 0.031310
0 0.773802 0.475674 0.021049 0.030347
0 0.761334 0.500241 0.022668 0.038054
0 0.743847 0.486753 0.020725 0.032274
0 0.836626 0.498796 0.020402 0.033237
0 0.814605 0.484104 0.020402 0.032755
0 0.818005 0.461946 0.019430 0.028902
0 0.835330 0.458333 0.015220 0.028420
0 0.847636 0.560694 0.017811 0.030829
0 0.877105 0.531310 0.019754 0.035645
0 0.908355 0.557563 0.020725 0.032274
0 0.983323 0.529865 0.022992 0.034682
0 0.924547 0.583815 0.020078 0.026975
0 0.917908 0.611031 0.021049 0.027457
0 0.943005 0.626927 0.023964 0.036127
0 0.926166 0.656310 0.029793 0.038054
0 0.954987 0.574181 0.025907 0.048170
0 0.813148 0.629335 0.027202 0.041908
0 0.795337 0.637765 0.020078 0.037572
0 0.856380 0.664740 0.021049 0.034682
0 0.879534 0.685934 0.024611 0.040462
0 0.818815 0.682322 0.023640 0.030347
0 0.813957 0.710742 0.016516 0.026493
0 0.776716 0.680395 0.021049 0.038054
0 0.764734 0.666426 0.019754 0.031310
0 0.750648 0.657514 0.014896 0.027938
0 0.762306 0.633911 0.021373 0.029865
0 0.729113 0.621387 0.025583 0.039499
0 0.689605 0.603083 0.025583 0.031792
0 0.671308 0.580925 0.023964 0.032755
0 0.615447 0.602601 0.028174 0.029865
0 0.603141 0.580925 0.020402 0.026975
0 0.538698 0.589836 0.024935 0.031310
0 0.501619 0.591281 0.023964 0.034200
0 0.486723 0.576349 0.021373 0.030347
0 0.482675 0.598507 0.020402 0.028420
0 0.464378 0.572254 0.025259 0.032755
0 0.456606 0.548651 0.022021 0.030829
0 0.417098 0.562380 0.024611 0.034200
0 0.388439 0.583815 0.024935 0.035645
0 0.402688 0.592004 0.020402 0.027938
0 0.381801 0.608382 0.016192 0.023121
0 0.402364 0.612717 0.022992 0.025048
0 0.386820 0.631021 0.020402 0.026012
0 0.407222 0.637042 0.019106 0.029383
0 0.434100 0.644268 0.019754 0.030347
0 0.464540 0.619220 0.027526 0.032274
0 0.485427 0.640414 0.016839 0.031310
0 0.500162 0.646195 0.015868 0.026493
0 0.505991 0.619942 0.019106 0.027938
0 0.521211 0.629094 0.017163 0.029865
0 0.530602 0.644750 0.020402 0.029383
0 0.520240 0.664499 0.022345 0.033237
0 0.537079 0.677023 0.020402 0.032274
0 0.559424 0.671002 0.021697 0.028902
0 0.546632 0.652457 0.018782 0.025530
0 0.581444 0.648603 0.019754 0.039017
0 0.596503 0.655347 0.019430 0.039017
0 0.608646 0.645713 0.022345 0.033237
0 0.666289 0.668834 0.022345 0.038054
0 0.693653 0.673892 0.018135 0.034682
0 0.736561 0.677505 0.031412 0.036127
0 0.737532 0.702312 0.023640 0.030829
0 0.767811 0.697977 0.022668 0.032755
0 0.840188 0.728805 0.021049 0.033719
0 0.332416 0.650771 0.025583 0.038536
0 0.355570 0.668593 0.022021 0.034682
0 0.382610 0.679191 0.019754 0.026012
0 0.424709 0.683767 0.019754 0.033237
0 0.430861 0.663054 0.018459 0.026493
0 0.577396 0.689066 0.020725 0.030347
0 0.578044 0.716522 0.028497 0.030347
0 0.575130 0.736753 0.029145 0.026493
0 0.617228 0.722784 0.027202 0.033237
0 0.614799 0.751204 0.021697 0.030347
0 0.633258 0.751204 0.019106 0.039017
0 0.698510 0.744220 0.018782 0.026975
0 0.613828 0.773844 0.022992 0.027457
0 0.578368 0.769750 0.023964 0.034682
0 0.441872 0.728565 0.020402 0.028420
0 0.428109 0.743738 0.018135 0.029865
0 0.442196 0.761561 0.021049 0.031792
0 0.370304 0.755780 0.022992 0.031792
0 0.305214 0.743015 0.021697 0.034200
0 0.287565 0.744942 0.016192 0.035164
0 0.277364 0.636079 0.026878 0.032274
0 0.304080 0.580443 0.023316 0.027938
0 0.242714 0.607418 0.030764 0.038536
0 0.236885 0.646435 0.021697 0.030829
0 0.223931 0.651734 0.020402 0.030829
0 0.199482 0.624518 0.020725 0.030347
0 0.199806 0.648844 0.022021 0.019268
0 0.191872 0.666667 0.029469 0.030829
0 0.155764 0.582611 0.023316 0.033237
0 0.157869 0.546484 0.017811 0.029383
0 0.102979 0.536850 0.027850 0.035164
0 0.093912 0.561416 0.027850 0.024566
0 0.115123 0.563825 0.021049 0.029383
0 0.111237 0.585019 0.021697 0.022640
0 0.009877 0.556118 0.019106 0.026493
0 0.008258 0.610067 0.015868 0.030347
0 0.039832 0.636320 0.023964 0.027938
0 0.012306 0.644750 0.020725 0.026493
0 0.069786 0.627168 0.020402 0.029865
0 0.090835 0.634634 0.017811 0.032274
0 0.122571 0.626686 0.018459 0.026012
0 0.138277 0.632225 0.020078 0.030347
0 0.112209 0.643786 0.021049 0.028420
0 0.103627 0.682563 0.020725 0.033719
0 0.116256 0.668593 0.018782 0.026975
0 0.143620 0.654383 0.025583 0.029383
0 0.138763 0.677987 0.021049 0.027457
0 0.135363 0.703998 0.026554 0.029383
0 0.220531 0.555395 0.018135 0.027938
0 0.320758 0.686898 0.021049 0.030829
0 0.335816 0.693401 0.021373 0.032274
0 0.038212 0.736513 0.023316 0.031792
0 0.012306 0.687139 0.022021 0.025530
0 0.208549 0.783478 0.027850 0.031310
0 0.209035 0.832370 0.028174 0.039499
0 0.089216 0.788295 0.028821 0.031310
0 0.048575 0.809489 0.026554 0.027457
0 0.050194 0.840318 0.023316 0.032274
0 0.021859 0.851397 0.022345 0.031310
0 0.286269 0.844894 0.023316 0.022158
0 0.326587 0.842245 0.022992 0.026493
0 0.345693 0.842004 0.019106 0.025048
0 0.339702 0.811416 0.017487 0.026493
0 0.381962 0.788776 0.021049 0.027457
0 0.425032 0.797206 0.020402 0.023121
0 0.447053 0.797688 0.023640 0.030829
0 0.564119 0.810694 0.025259 0.023121
0 0.586464 0.810934 0.019430 0.029383
0 0.598284 0.792871 0.019754 0.028902
0 0.615771 0.813343 0.019754 0.027457
0 0.632448 0.794557 0.022021 0.032274
0 0.775421 0.778420 0.028174 0.039499
0 0.713892 0.812380 0.026231 0.033237
0 0.640220 0.835260 0.023964 0.029865
0 0.621600 0.835501 0.017811 0.027457
0 0.588892 0.831888 0.026231 0.025048
0 0.801490 0.769509 0.018782 0.034200
0 0.793232 0.825867 0.022992 0.028420
0 0.811528 0.841763 0.018135 0.032274
0 0.857189 0.808285 0.028497 0.032755
0 0.902040 0.774566 0.022992 0.034682
0 0.954663 0.761802 0.025259 0.030347
0 0.987856 0.785886 0.022345 0.027457
0 0.979275 0.809971 0.026554 0.031310
0 0.924061 0.831166 0.026878 0.029383
0 0.549870 0.824422 0.021373 0.029383
0 0.528497 0.836224 0.026554 0.033719
0 0.414022 0.844412 0.021049 0.028902
0 0.547118 0.849229 0.022992 0.032755
0 0.948348 0.870906 0.020402 0.029865
0 0.976846 0.920520 0.021697 0.032755
0 0.899288 0.870183 0.024611 0.033237
0 0.915479 0.863198 0.016839 0.026975
0 0.894430 0.898844 0.022021 0.029865
0 0.910784 0.916908 0.019106 0.037091
0 0.945758 0.929913 0.027526 0.035164
0 0.903174 0.938343 0.025907 0.031792
0 0.846503 0.914017 0.027202 0.036127
0 0.863180 0.953035 0.020402 0.030347
0 0.844398 0.955684 0.018459 0.028902
0 0.891677 0.966763 0.024288 0.028902
0 0.779469 0.895231 0.020078 0.029383
0 0.754696 0.880780 0.020402 0.028420
0 0.732189 0.862958 0.022668 0.027457
0 0.723769 0.883430 0.023316 0.021195
0 0.742876 0.894509 0.020078 0.029865
0 0.724741 0.902697 0.020725 0.027938
0 0.739799 0.914258 0.015220 0.031792
0 0.754210 0.916185 0.019430 0.029865
0 0.750972 0.934971 0.024611 0.035645
0 0.727170 0.934008 0.021049 0.029865
0 0.664832 0.874759 0.032383 0.027938
0 0.680699 0.904865 0.020725 0.026493
0 0.669851 0.942437 0.019754 0.031310
0 0.655117 0.957370 0.017487 0.024566
0 0.635848 0.936175 0.025583 0.030347
0 0.616256 0.957129 0.021373 0.025048
0 0.593588 0.902938 0.019430 0.026493
0 0.584683 0.859345 0.021049 0.025048
0 0.613504 0.902216 0.019754 0.029865
0 0.629210 0.854528 0.020078 0.026012
0 0.568653 0.902697 0.019430 0.028902
0 0.550518 0.911368 0.026554 0.040462
0 0.531250 0.911609 0.023640 0.032274
0 0.511172 0.915944 0.023640 0.025530
0 0.501295 0.928468 0.020078 0.027457
0 0.514896 0.943642 0.020078 0.024085
0 0.438472 0.931118 0.021373 0.023121
0 0.429404 0.883911 0.019430 0.029865
0 0.471665 0.861272 0.032707 0.030829
0 0.399935 0.894027 0.027850 0.027938
0 0.425842 0.909682 0.020078 0.024566
0 0.445110 0.951590 0.030764 0.025530
0 0.350065 0.939306 0.022021 0.027938
0 0.322053 0.888006 0.024935 0.031310
0 0.284165 0.923410 0.022992 0.022158
0 0.280278 0.944364 0.024288 0.027457
0 0.270402 0.906551 0.012306 0.031792
0 0.391839 0.958815 0.026554 0.019750
0 0.222312 0.861994 0.026231 0.026493
0 0.192519 0.879817 0.017811 0.026493
0 0.208225 0.884152 0.018135 0.025530
0 0.195920 0.902938 0.025259 0.028420
0 0.161917 0.884152 0.027202 0.030347
0 0.126781 0.880780 0.028821 0.036127
0 0.057157 0.904624 0.022345 0.025048
0 0.036593 0.879335 0.029793 0.030347
0 0.014734 0.880780 0.023640 0.027457
0 0.100712 0.942437 0.024611 0.030347
0 0.176328 0.176541 0.020402 0.029383
0 0.180861 0.200145 0.022992 0.035164
1 0.135201 0.091040 0.022345 0.034682
1 0.393297 0.191956 0.023640 0.031310
1 0.522992 0.157755 0.022021 0.040944
1 0.581930 0.257466 0.020078 0.034200
1 0.573672 0.342967 0.022345 0.028902
1 0.488018 0.482659 0.022021 0.034682
1 0.186852 0.471580 0.024611 0.032755
1 0.091483 0.394509 0.022345 0.031792
1 0.407060 0.672447 0.020078 0.040462
1 0.542422 0.752408 0.025259 0.036609
1 0.576425 0.486753 0.027850 0.038054
1 0.668394 0.609827 0.025259 0.032755
1 0.693491 0.812861 0.027526 0.035164
1 0.766030 0.312620 0.027526 0.032755
1 0.950777 0.307322 0.020725 0.040462
1 0.827720 0.983863 0.028497 0.026493
0 0.356541 0.980973 0.021373 0.029383
0 0.681671 0.982418 0.023964 0.032274
0 0.632286 0.985067 0.022345 0.022158
0 0.525259 0.967245 0.023316 0.031792
0 0.501295 0.983622 0.021373 0.026975
