0 0.207254 0.044316 0.041451 0.059730
0 0.200777 0.118497 0.044041 0.065511
0 0.177137 0.150289 0.048575 0.063584
0 0.105570 0.191233 0.055699 0.079961
0 0.099093 0.293353 0.042746 0.062620
0 0.125972 0.346339 0.049870 0.066474
0 0.053433 0.506262 0.039508 0.070328
0 0.178756 0.483141 0.041451 0.060694
0 0.227655 0.390173 0.043394 0.077071
0 0.217617 0.231696 0.047927 0.066474
0 0.308938 0.239884 0.053109 0.069364
0 0.459845 0.219171 0.044041 0.064547
0 0.441710 0.481214 0.049223 0.072254
0 0.309585 0.132948 0.038860 0.071291
0 0.771373 0.293834 0.045337 0.065511
0 0.734456 0.322736 0.038860 0.057803
0 0.715026 0.355973 0.041451 0.062620
0 0.680376 0.319364 0.035622 0.058767
0 0.704016 0.252890 0.038860 0.056840
0 0.671956 0.151252 0.040803 0.061657
0 0.699806 0.108863 0.040803 0.061657
0 0.648640 0.063584 0.058938 0.078998
0 0.884067 0.196050 0.049223 0.072254
0 0.904793 0.446532 0.050518 0.072254
0 0.786593 0.459056 0.053756 0.081888
0 0.833549 0.514451 0.042746 0.071291
0 0.603627 0.535164 0.051813 0.070328
0 0.732513 0.692678 0.045337 0.080925
0 0.576425 0.694123 0.044041 0.060694
0 0.510363 0.690751 0.038860 0.061657
0 0.542098 0.717726 0.038860 0.063584
0 0.139249 0.678227 0.040155 0.063584
0 0.417098 0.560212 0.040155 0.058767
0 0.386982 0.588150 0.040803 0.068401
0 0.834845 0.631985 0.045337 0.065511
0 0.876619 0.810212 0.053756 0.082852
0 0.896373 0.943642 0.038860 0.072254
0 0.983808 0.932081 0.032383 0.079961
0 0.958549 0.751445 0.038860 0.069364
0 0.986399 0.670520 0.027202 0.071291
0 0.978951 0.843449 0.036917 0.064547
0 0.253238 0.909923 0.040155 0.062620
0 0.337111 0.102119 0.040803 0.063584
0 0.359456 0.073699 0.046632 0.066474
0 0.712759 0.160405 0.047280 0.058767
0 0.753238 0.173892 0.042746 0.056840
0 0.730246 0.208092 0.039508 0.057803
0 0.768135 0.232659 0.046632 0.064547
1 0.147992 0.765414 0.033031 0.056840
1 0.175518 0.804432 0.042746 0.061657
1 0.249028 0.734586 0.044689 0.072254
1 0.747085 0.551060 0.040803 0.063584
1 0.272668 0.336224 0.058290 0.084778
0 0.367552 0.802505 0.052461 0.061657
0 0.365609 0.747592 0.042098 0.061657
0 0.399935 0.727360 0.038212 0.057803
0 0.422280 0.769750 0.041451 0.057803
0 0.724741 0.804913 0.042746 0.064547
0 0.692034 0.769750 0.036917 0.055877
0 0.717293 0.866570 0.047280 0.064547
0 0.946244 0.821291 0.042746 0.064547
0 0.499676 0.323699 0.057642 0.069364
0 0.123057 0.976397 0.049223 0.047206
0 0.487047 0.866089 0.063472 0.080925
1 0.191062 0.394990 0.046632 0.075145
0 0.962759 0.934489 0.038212 0.067437
1 0.325777 0.863198 0.051813 0.071291
1 0.272021 0.864644 0.041451 0.062620
