1 0.202396 0.089595 0.043394 0.069364
1 0.140220 0.135356 0.049870 0.064547
1 0.120466 0.193642 0.047927 0.067437
1 0.145078 0.286609 0.036269 0.062620
1 0.222150 0.381021 0.034974 0.066474
1 0.257772 0.389210 0.038860 0.077071
1 0.320920 0.188343 0.042098 0.064547
1 0.363666 0.227360 0.060233 0.063584
1 0.405440 0.300096 0.047927 0.079961
1 0.345855 0.072254 0.034974 0.075145
1 0.413536 0.065511 0.039508 0.063584
1 0.475712 0.032274 0.039508 0.062620
1 0.687500 0.049615 0.043394 0.064547
1 0.757772 0.040944 0.041451 0.052987
1 0.766516 0.088632 0.030440 0.048170
1 0.791127 0.084778 0.029145 0.055877
1 0.813795 0.080925 0.031736 0.059730
1 0.849417 0.088150 0.042098 0.062620
1 0.787889 0.144990 0.052461 0.064547
1 0.945272 0.253372 0.039508 0.065511
1 0.968912 0.222543 0.040155 0.050096
1 0.980570 0.067437 0.037565 0.065511
1 0.329339 0.447977 0.039508 0.055877
1 0.364313 0.483622 0.038212 0.055877
1 0.323510 0.504335 0.042098 0.058767
1 0.281088 0.500000 0.044041 0.057803
1 0.274935 0.560694 0.047280 0.065511
1 0.025583 0.464836 0.042098 0.062620
1 0.046956 0.293834 0.045984 0.053950
1 0.040155 0.345376 0.049223 0.051060
1 0.347150 0.681599 0.047927 0.064547
1 0.273640 0.799615 0.044689 0.063584
1 0.110751 0.677264 0.051813 0.065511
1 0.062176 0.779383 0.055699 0.061657
1 0.061852 0.951349 0.035622 0.051060
1 0.093588 0.965318 0.036917 0.061657
1 0.034650 0.977842 0.043394 0.042389
1 0.448834 0.854046 0.037565 0.068401
1 0.510687 0.888728 0.040803 0.058767
1 0.547280 0.736994 0.038860 0.071291
1 0.570596 0.700867 0.033679 0.064547
1 0.769754 0.712428 0.051166 0.066474
1 0.830635 0.624277 0.043394 0.059730
1 0.923899 0.425337 0.049870 0.068401
1 0.924223 0.589595 0.041451 0.059730
1 0.957902 0.608382 0.034974 0.064547
1 0.970531 0.666185 0.049870 0.072254
1 0.953368 0.721580 0.040155 0.053950
1 0.901878 0.714355 0.040803 0.052987
1 0.869171 0.860308 0.049223 0.073218
1 0.949806 0.859345 0.033031 0.055877
1 0.977008 0.844412 0.036917 0.064547
