1 0.032707 0.069364 0.043394 0.063584
1 0.122409 0.122351 0.040155 0.065511
1 0.191062 0.049133 0.037565 0.061657
1 0.223769 0.033237 0.036917 0.049133
1 0.383096 0.218690 0.035622 0.065511
1 0.424870 0.198940 0.036269 0.062620
1 0.141839 0.238921 0.042746 0.059730
1 0.031412 0.309249 0.036917 0.053950
1 0.061852 0.401734 0.036917 0.061657
1 0.022668 0.411850 0.037565 0.056840
1 0.015220 0.457611 0.029145 0.050096
1 0.317034 0.253372 0.042098 0.057803
1 0.343264 0.226879 0.033679 0.066474
1 0.518135 0.118497 0.044041 0.065511
1 0.554080 0.245665 0.034326 0.057803
1 0.594560 0.243738 0.044041 0.069364
1 0.620466 0.349711 0.033679 0.061657
1 0.655440 0.360308 0.036269 0.071291
1 0.731218 0.414740 0.037565 0.064547
1 0.866256 0.491329 0.038212 0.063584
1 0.921308 0.526975 0.039508 0.061657
1 0.830959 0.219653 0.047927 0.071291
1 0.974417 0.261079 0.036917 0.057803
1 0.517487 0.430636 0.040155 0.057803
1 0.482513 0.600193 0.037565 0.057803
1 0.455959 0.621869 0.031088 0.054913
1 0.424223 0.632948 0.034974 0.057803
1 0.370142 0.609827 0.047280 0.053950
1 0.301166 0.703276 0.051813 0.069364
1 0.176166 0.629094 0.045337 0.065511
1 0.187500 0.467245 0.047280 0.069364
1 0.220531 0.518304 0.036917 0.061657
1 0.255829 0.518304 0.037565 0.055877
1 0.239961 0.574181 0.038212 0.057803
1 0.223769 0.625723 0.035622 0.054913
1 0.269430 0.593449 0.025907 0.067437
1 0.290155 0.514451 0.031088 0.044316
1 0.293070 0.565029 0.036917 0.060694
1 0.316062 0.533719 0.036269 0.059730
1 0.341969 0.513969 0.031088 0.052987
1 0.374676 0.509634 0.038212 0.061657
1 0.347798 0.466281 0.037565 0.048170
1 0.320596 0.428709 0.040155 0.053950
1 0.286917 0.402216 0.047927 0.062620
1 0.364313 0.373796 0.038212 0.048170
1 0.320920 0.311175 0.048575 0.052023
1 0.863018 0.695087 0.045984 0.068401
1 0.457902 0.857418 0.040155 0.063584
1 0.486075 0.902697 0.038212 0.053950
1 0.647021 0.960501 0.047927 0.067437
1 0.192034 0.937861 0.040803 0.060694
1 0.226036 0.947977 0.034974 0.055877
1 0.043394 0.956647 0.032383 0.053950
1 0.022992 0.916667 0.039508 0.064547
